time,x,y,z,phi,theta,psi,x_velocity,y_velocity,z_velocity,phi_velocity,theta_velocity,psi_velocity,rotor_speed1,rotor_speed2,rotor_speed3,rotor_speed4
0.06,-1.25130597961e-07,2.73998033925e-07,10.0039346276,0.000253516942579,0.0001307288462,0.0,-1.14835826514e-05,2.38365420097e-05,0.131147443829,0.0115622499601,0.00621487614048,0.0,445.6774465745176,446.1849863769619,446.9433119890587,447.8844298665493
0.12000000000000001,-5.69592314279e-06,1.11308040299e-05,10.0191135565,0.000719575013433,0.000328145516995,0.0,-0.000210288858742,0.000411197507194,0.374768199586,-0.00117354259854,-0.00331641171758,0.0,480.24043968139046,479.5170080754586,481.3047529900587,480.33996291233456
0.18,-2.40121482965e-05,4.88041854273e-05,10.0424598362,0.000428038517374,0.000442281506282,0.0,-0.000397866412684,0.000829182886569,0.403431191049,-0.0134952854805,0.010702485117,0.0,412.7229142120163,413.95814807061424,414.8087369866309,413.72553016942504
0.23999999999999996,-5.89130089146e-05,0.000104376979627,10.0687891641,6.28311302669,0.000791726897046,0.0,-0.000816278799233,0.00096081944395,0.47418584776,0.000372166488402,-0.00635899379908,0.0,428.8366844552768,427.3851372130313,426.7069933141507,427.88909411994416
0.3,-0.000124162981652,0.000160654224822,10.1019274931,6.28267509999,6.28313174723,0.0,-0.00130006386634,0.000901031573038,0.630351498118,-0.0306718652553,-0.0377642762282,0.0,456.152280933577,453.63783025728384,455.60667334497987,453.1182710460535
0.36000000000000004,-0.000192821175757,0.00019804017725,10.1420478858,6.28113145353,6.28097719791,0.0,-0.000771001554872,0.000179937768807,0.706949873565,-0.0173244775727,-0.032436294936,0.0,429.5880305437742,430.0388830602496,429.29295511961044,430.4236861558158
0.4200000000000001,-0.000188380510381,0.000165296198149,10.186701338,6.28093039279,6.27939699877,0.0,0.00108996828883,-0.00132336628122,0.781449540509,0.0155760749173,-0.0163069570434,0.0,428.3473094325158,429.7163531564466,428.09401531123876,430.88409062665966
0.48000000000000015,-3.74331978525e-05,4.10235643564e-05,10.2375075151,6.28192315297,6.27852699097,0.0,0.00403944432677,-0.00271612962104,0.911994012823,0.0184184308276,-0.0111115408437,0.0,447.36987851523077,447.792761773033,446.55963795140127,446.7913160130078
0.5400000000000001,0.000301577425395,-0.000143385366309,10.2947618768,6.28285074427,6.27768105932,0.0,0.00733518369407,-0.0033286605893,0.996414263137,0.00876669054025,-0.0208662007969,0.0,432.2348346538277,431.4121708635904,434.1555198984437,433.3449709003387
0.6000000000000002,0.00086551514881,-0.000348326250054,10.3584975723,6.28314802176,6.27655802703,0.0,0.0115883873675,-0.00345730359621,1.12798727521,-0.0040358269606,-0.0147329884144,0.0,447.5910702334085,448.08992890817626,448.31987465817673,447.27849384569015
0.6600000000000003,0.00170620597076,-0.000557588503923,10.4299140697,6.28259237638,6.27548906423,0.0,0.0165359951672,-0.00355719587241,1.25243355049,-0.0225747208812,-0.0248315405213,0.0,446.6944428954794,445.87032083480915,446.2226491687809,444.7069432464904
0.7200000000000003,0.00286114845041,-0.000788224787079,10.5078106176,6.28125611256,6.27384011895,0.0,0.0221187590659,-0.00426613249536,1.34401308112,-0.0216706254084,-0.0333943013714,0.0,436.4718824074534,435.75652888998576,435.45069995278544,435.52628118975235
0.7800000000000004,0.004386196539,-0.0010885152267,10.5912280589,6.27997992209,6.2723491242,0.0,0.0288873865665,-0.00587324271545,1.43645433448,-0.020480160976,-0.0116891415595,0.0,435.0266227884851,436.83994806209597,436.63550371202393,436.7347905031801
0.8400000000000004,0.00637507443263,-0.00152114548659,10.6831018599,6.27849215834,6.27194819527,0.0,0.0374675211198,-0.00870129207878,1.62575452176,-0.0352426789678,0.00181290964182,0.0,465.7005078935238,466.7554344010512,467.1272851674322,465.9746877761159
0.9000000000000005,0.00887887682286,-0.00215985230082,10.785916246,6.27604341046,6.2729413255,0.0,0.0459161262026,-0.0128419709465,1.80113133328,-0.055301167079,0.0361848900397,0.0,461.8020504159592,464.5051327600574,463.1480981557419,461.5670183931954
0.9600000000000005,0.011876286905,-0.00312235365083,10.9010709617,6.2723943509,6.27578968959,0.0,0.0536794816471,-0.0196596813531,2.03696908565,-0.0751168109445,0.0637231627586,0.0,480.4710396428174,482.55525154210267,481.48741881798827,479.98357247693554
1.0200000000000005,0.0151970733676,-0.00447613214826,11.0206345732,6.26819540841,6.27993267804,0.0,0.0567176462916,-0.0257896309773,1.94863806118,-0.0613076386133,0.0779995999159,0.0,375.85243352451766,377.237969494622,376.469776648167,377.7987451300331
1.0800000000000005,0.0186510086405,-0.00635796308034,11.1412341177,6.26448485279,0.0013430919923,0.0,0.0579241196282,-0.0373237912015,2.07112756178,-0.0629340501412,0.073629420559,0.0,448.4838093597991,448.13331582990475,447.1042576394507,446.969013639689
1.1400000000000006,0.0220862143373,-0.00895786051556,11.2664211058,6.26065804968,0.0056237456815,0.0,0.0561832524905,-0.0496869757228,2.10170820588,-0.0655272647775,0.0663328314106,0.0,418.9335938507986,418.3029357771816,418.7397833927811,418.51089788457006
1.2000000000000006,0.0252958214453,-0.0125288286481,11.4002187917,6.25664353035,0.0094642183216,0.0,0.0503169380186,-0.0698304309176,2.35770769589,-0.0698238502331,0.0588998954086,0.0,488.05154899354966,487.49907773838487,488.39993721039474,488.0764830840983
1.2600000000000007,0.0281157314982,-0.0172550875743,11.5436581952,6.25254608228,0.0131488558706,0.0,0.0433310206923,-0.0881091084925,2.42345300833,-0.0653900571712,0.0660087901738,0.0,430.35347333931685,430.9575779053746,432.01470124019534,432.3847118699736
1.3200000000000007,0.0304258676073,-0.0231948687354,11.6922239581,6.24839284871,0.0174355407417,0.0,0.0332509789988,-0.110289742631,2.52849217867,-0.0782565950831,0.0805495000043,0.0,443.24930834840364,444.44651002071413,445.2210512198451,444.16341895468406
1.3800000000000008,0.0320304584232,-0.0305714927884,11.8475536025,6.24343588517,0.0220556631882,0.0,0.0197425382642,-0.13609248588,2.64886191727,-0.0931858985035,0.0687518996221,0.0,449.7970737682439,448.8452392251853,450.4633041049423,449.2488657770987
1.4400000000000008,0.0327708448149,-0.0395288990644,12.0082602939,6.23871889519,0.0262184097776,0.0,0.00454244351367,-0.162966839505,2.70785750292,-0.0591473816607,0.0706042843025,0.0,431.44565330505037,431.6058302402108,428.6220358734232,431.49935758325404
1.5000000000000009,0.0324796671347,-0.0502479413494,12.1739139032,6.23524471106,0.0300358183351,0.0,-0.0146620409715,-0.194683686916,2.81364299761,-0.0555248236958,0.0435875446289,0.0,446.10079094873174,443.8920299492634,446.96226852465315,447.25509810811167
1.560000000000001,0.030742999633,-0.063288922911,12.3530663951,6.23139422133,0.0333127450008,0.0,-0.0436147312665,-0.240451181774,3.15718111149,-0.0934448127396,0.07058900917,0.0,514.2238539498983,516.1344414394507,517.5054488138395,514.8265332173457
1.620000000000001,0.0274997152303,-0.0786846614353,12.5431645894,6.2263260845,0.0378582259968,0.0,-0.0648914886724,-0.273215191493,3.17931714074,-0.0708004764022,0.0844821524638,0.0,420.77361602879057,421.97947467920267,421.2241193997014,423.17136104602685
1.680000000000001,0.0227930278591,-0.0962841027324,12.7371795802,6.22266923113,0.0428311499369,0.0,-0.0925048816743,-0.313817002923,3.28749086805,-0.0462656359706,0.0794751251476,0.0,449.8365445699711,449.43639341559094,448.6475204864995,450.63237595071485
1.740000000000001,0.0163266059015,-0.116390785358,12.9376710101,6.21991989984,0.0477472703849,0.0,-0.123528733794,-0.356670658134,3.39519177271,-0.0449499933142,0.0864476800597,0.0,449.8888484610793,450.4583958329633,450.26128588391094,450.36651336974154
1.8000000000000012,0.00773287388405,-0.139336769317,13.1479226009,6.21739292441,0.0529502328791,0.0,-0.163516795247,-0.408462984923,3.61246751609,-0.0369796488562,0.0872470804465,0.0,483.71231614680585,483.7780584589063,483.6531318942133,484.2522509055305
1.8600000000000012,-0.00324733166119,-0.165278885743,13.3686274731,6.21514033384,0.0577790950508,0.0,-0.203009776046,-0.456483686726,3.74387724603,-0.0386944627493,0.0613861664747,0.0,460.38613781460367,458.3400842266418,460.35814028179186,460.2218116056475
1.9200000000000013,-0.0166801336836,-0.194132419986,13.596933831,6.21234261905,0.0620530023743,0.0,-0.245150114632,-0.505532390989,3.86586612898,-0.0714066307178,0.0859047682613,0.0,456.9073266730476,458.8615674754762,459.3148341267783,456.71148171856356
1.9800000000000013,-0.0327318195907,-0.225989409289,13.8324526183,6.20756219616,0.0667439431294,0.0,-0.290404097017,-0.556799960758,3.98426148726,-0.10639350321,0.0545644191859,0.0,459.6233627071283,457.13700044215165,458.7156044058288,455.9231204133296
2.0400000000000014,-0.0514550439554,-0.260876951989,14.0730467839,6.20158404642,0.0702909540129,0.0,-0.334014810792,-0.606685479854,4.03526750913,-0.0887299575307,0.0669415409491,0.0,437.7000802817576,438.73148328213,436.6126260922417,438.075032864122
2.1000000000000014,-0.0729695901404,-0.298989151996,14.3181411384,6.19653469841,0.0744732569362,0.0,-0.38352875851,-0.664216227737,4.13408163109,-0.0763004013727,0.0747245456451,0.0,453.3105867710492,453.93919290546233,452.7899632490841,453.783174428726
2.1600000000000015,-0.0976304723054,-0.340755589645,14.5702979984,6.19209007949,0.0791084106902,0.0,-0.438952028731,-0.72843533731,4.27052334027,-0.0699668144121,0.0818792012114,0.0,465.00668152508547,465.57127792416884,466.3387555018975,466.82925001488354
2.2200000000000015,-0.1254683172,-0.38618282253,14.8275016863,6.18742974708,0.08402502775,0.0,-0.489417793758,-0.786191879547,4.30269453275,-0.101198443001,0.0820720585923,0.0,434.18480754450474,434.20660567102743,436.3894791829554,433.7689215794873
2.2800000000000016,-0.156464012731,-0.435210898983,15.0870518377,6.18086399438,0.0894989843103,0.0,-0.544249122904,-0.848639965307,4.34864956721,-0.135910940275,0.10511718575,0.0,437.9933411263371,439.9128388286821,441.7488651325364,438.8652569060209
2.3400000000000016,-0.191253713914,-0.488567529655,15.3536478822,6.17272949237,0.0963489797815,0.0,-0.616100798339,-0.930763303391,4.53690930977,-0.134912270432,0.127918953368,0.0,482.0523540859634,483.78267110165547,484.8132485868625,484.8729875489945
2.4000000000000017,-0.230403921267,-0.546907055801,15.6303205128,6.16478482514,0.103620110997,0.0,-0.689665960542,-1.01467997825,4.68464688551,-0.127831724101,0.102240222276,0.0,474.631055233653,472.6679007542325,473.8740936815368,474.40317214273927
2.4600000000000017,-0.273817458489,-0.610106273858,15.9129255009,6.15699739222,0.110032377328,0.0,-0.758022089931,-1.09265423696,4.73506792776,-0.134023262452,0.114809208673,0.0,445.12262621149574,446.16005466398866,445.97954110579377,445.45806036090823
2.520000000000002,-0.321627062482,-0.678324913236,16.2000137532,6.14938785976,0.116839389683,0.0,-0.836278019431,-1.18202366331,4.83383386815,-0.115349123776,0.110586158932,0.0,462.5783545937352,462.2565407036055,460.4370776513698,461.89800599725345
2.580000000000002,-0.374082542225,-0.751841683218,16.4913966581,6.14251427522,0.123560582305,0.0,-0.912837357196,-1.26913999641,4.8784591419,-0.11302733836,0.114740954506,0.0,445.6180697294546,445.9686980701319,446.73589680506456,446.9135715542483
2.640000000000002,-0.431584154212,-0.831078529418,16.7879643537,6.13576827717,0.130291340424,0.0,-1.00452906678,-1.37270405348,5.00623675373,-0.111271962968,0.106494208493,0.0,474.1786375278958,473.55489678803946,472.2764330154848,472.40141556250967
2.700000000000002,-0.494745310448,-0.916687421642,17.0922518686,6.12924988973,0.136896986194,0.0,-1.10144902627,-1.4815153137,5.13574139793,-0.103840045227,0.116460323275,0.0,475.4066504821471,476.1795476200152,474.8233501640787,475.3836474681007
2.760000000000002,-0.564009205202,-1.00911889497,17.4052601548,6.12290120408,0.144285758912,0.0,-1.20803303221,-1.60008414203,5.2967153749,-0.110074596919,0.133955698837,0.0,485.611939701545,486.93484776796794,487.4118268542457,486.9368518888496
2.820000000000002,-0.638591244313,-1.10743797812,17.7194722021,6.11704369326,0.152243698247,0.0,-1.27866639414,-1.67771830301,5.1772713538,-0.080186532956,0.129847955206,0.0,398.2016182658855,397.8440127262458,397.1831861295296,399.9055541202148
2.880000000000002,-0.718437999424,-1.21147425367,18.0322962053,6.11190394205,0.159711429577,0.0,-1.38357669441,-1.79055423652,5.24945612157,-0.0998168997585,0.110623793491,0.0,461.7635325758386,460.25752797202284,463.44170810241457,461.889991918036
2.940000000000002,-0.804514186429,-1.322162606,18.3481159565,6.10568664706,0.166001303785,0.0,-1.48618712788,-1.89956065099,5.27732597157,-0.11258169029,0.0895606230788,0.0,450.3927129260415,448.69489022416604,449.78766551643935,448.74317939485843
3.000000000000002,-0.896902703949,-1.43955151294,18.6657940864,6.09889638302,0.171804872014,0.0,-1.59390353671,-2.01396544309,5.3113416853,-0.114375544151,0.108163775058,0.0,451.59904451750873,453.1050435912401,452.8352533013165,452.67976736024093
3.0600000000000023,-0.995643237561,-1.56369285346,18.9841854291,6.09186466646,0.178794000964,0.0,-1.69801881093,-2.12464601894,5.30128266653,-0.123526798678,0.129368632896,0.0,438.24754216541504,440.018935366058,440.4445813054691,439.67439617350936
3.1200000000000023,-1.10041867075,-1.69424058505,19.3000810585,6.0842296261,0.186726597485,0.0,-1.79514110811,-2.22754688413,5.22843423825,-0.135982609917,0.137355221979,0.0,417.9080101825949,418.6209358437596,421.0181072030124,419.9228723265472
3.1800000000000024,-1.21137636079,-1.83131947475,19.6127141631,6.07595488063,0.195243358448,0.0,-1.90414404576,-2.34240346192,5.19226849477,-0.142076932223,0.149822583976,0.0,432.0226414984642,433.0920203965633,432.3140390709345,431.78185846023723
3.2400000000000024,-1.3289683907,-1.97537108635,19.9228446859,6.06731634145,0.204366109261,0.0,-2.01633352706,-2.45999057316,5.14501580593,-0.148067372845,0.156153079342,0.0,429.5584712414837,430.11767415958724,429.4466044654079,428.9178668256707
3.3000000000000025,-1.45383143318,-2.12701484193,20.2318622194,6.05849921721,0.214304030141,0.0,-2.14657957011,-2.59549286753,5.15477762055,-0.144812397271,0.179877729169,0.0,447.9201833070235,449.87117302160743,450.0038999247147,450.2474189341971
3.3600000000000025,-1.58784866966,-2.28811855079,20.5464800123,6.04972716688,0.225062013782,0.0,-2.32163124473,-2.77529171122,5.33062324295,-0.149129579936,0.178119724163,0.0,502.7875641011581,502.6871199415413,502.7730078153418,502.4427552100089
3.4200000000000026,-1.73133390136,-2.45890455878,20.8660977623,6.04117253386,0.236134358734,0.0,-2.46209887155,-2.91822331354,5.32246462846,-0.131946539418,0.1949889887,0.0,449.1338861180829,450.5325171299995,448.11628205689806,449.49224052412796
3.4800000000000026,-1.88384611408,-2.63880134701,21.1867085241,6.03357741614,0.24783055099,0.0,-2.62260852591,-3.07886982062,5.36336119998,-0.117590258805,0.194831601545,0.0,467.91265299644095,467.93540168840684,465.7749759788226,466.8827025373144
3.5400000000000027,-2.04608198533,-2.82834038574,21.5091457964,6.02624322057,0.259165962897,0.0,-2.78618551384,-3.23957555574,5.38342837248,-0.133674357166,0.173247975867,0.0,464.16629013669746,462.50170320285093,463.3592375832829,462.0797090653436
3.6000000000000028,-2.21942739382,-3.02869034038,21.8365964202,6.01869466446,0.269750024236,0.0,-2.99281199363,-3.43920736009,5.52958382738,-0.113488516453,0.182052497348,0.0,505.10916246926996,505.76962624414534,503.065045304712,504.51224117524714
3.660000000000003,-2.40340442835,-3.23927746594,22.1657164477,6.01160951692,0.280377670388,0.0,-3.14059246324,-3.58086747379,5.4405689732,-0.129372652837,0.164819524453,0.0,433.6580449529926,432.2386048032036,433.9229511874867,432.57397299778444
3.720000000000003,-2.59716910229,-3.45917481838,22.491902951,6.00376479968,0.290571304164,0.0,-3.31898134284,-3.74955065991,5.43119310774,-0.133639208912,0.178475671906,0.0,460.2520974471966,461.35826664615917,462.1767901055828,461.8253290005622
3.780000000000003,-2.8010806844,-3.68863985659,22.8150226685,5.99575007415,0.301795451748,0.0,-3.47890297658,-3.89984066037,5.33880531737,-0.13345826419,0.200273680742,0.0,434.4223443409291,436.28103905599556,436.1527297960367,436.15104271297304
3.840000000000003,-3.01483819117,-3.92730323444,23.1326944058,5.98756086658,0.314044194747,0.0,-3.64724717161,-4.05614155065,5.24946318002,-0.143352160684,0.210931032517,0.0,438.3546915287768,439.28098222626886,438.56176536098167,437.7213631641265
3.900000000000003,-3.23875809376,-4.17534430413,23.4444798663,5.9791218368,0.327532116662,0.0,-3.81770687649,-4.21244672855,5.14259472454,-0.135736407623,0.243599389671,0.0,432.39796852144315,435.1921558182513,434.39562524792706,435.0150501772096
3.960000000000003,-3.47310417273,-4.43286902103,23.7496785924,5.97086069379,0.341903791058,0.0,-3.99486343662,-4.37221815393,5.02982800501,-0.14189581903,0.229821841112,0.0,434.74832060130524,433.6506518009195,434.37668795371866,433.8416087233248
4.020000000000002,-3.7193367947,-4.70099030827,24.0507247489,5.96212958258,0.355689630883,0.0,-4.21383527866,-4.56559033906,5.00344898731,-0.153968882424,0.229648284106,0.0,466.8694614338913,466.90562891286237,466.42037703019736,465.4574080418525
4.080000000000001,-3.97801840133,-4.98005951399,24.3476363926,5.95301617147,0.369659764885,0.0,-4.40982911457,-4.73724331585,4.89251427018,-0.148031556236,0.238539583677,0.0,441.12667324748685,441.9147200599772,439.6162473726742,440.0860680330891
4.14,-4.24980113317,-5.27048989363,24.6404495062,5.94363705703,0.384217649187,0.0,-4.65051336459,-4.94415232736,4.86604982932,-0.183123756812,0.249751965923,0.0,472.2789018746185,473.1979392697467,474.44702747907075,471.72162493100166
4.199999999999998,-4.53591370415,-5.57317577101,24.930596548,5.93230556024,0.40001667632,0.0,-4.8875195041,-5.14588198911,4.80365785181,-0.203903484659,0.28182657597,0.0,463.74075513120715,466.31900927001925,465.9708068316062,464.3095860994788
4.259999999999997,-4.83615009284,-5.88783065704,25.2159652056,5.92018988878,0.417223735558,0.0,-5.12137230366,-5.34314654005,4.7067950587,-0.198249441983,0.295189761434,0.0,457.001336462154,458.14607186455885,457.2726620580181,457.68426680665107
4.319999999999996,-5.14956889684,-6.21358251091,25.4929439666,5.90841862252,0.434769545597,0.0,-5.32696298194,-5.51581337409,4.52457473637,-0.192359995451,0.286261709193,0.0,430.6718615107313,430.0057156033485,430.2555982197232,430.7151101305973
4.379999999999995,-5.47643291169,-6.55051467305,25.7605242826,5.89753499567,0.452846796357,0.0,-5.56947788781,-5.71566793717,4.39294312794,-0.16550078584,0.32114124621,0.0,451.91794186847835,454.8098440959016,451.3163001544954,453.44777401120785
4.439999999999993,-5.81614346027,-6.89804284716,26.0162354139,5.88803298985,0.472164673704,0.0,-5.75531918716,-5.86912314543,4.12995822462,-0.14697518248,0.323558203392,0.0,406.01116381698904,406.3448136462582,404.7505762540862,406.3883345947358
4.499999999999992,-6.17022955644,-7.2571302166,26.2613732747,5.87934156407,0.491332183531,0.0,-6.04848120031,-6.1005110258,4.03882055327,-0.140930253217,0.309679324168,0.0,475.6186920189825,474.65117664737613,475.11471694390434,475.55995920544495
4.559999999999991,-6.54196803214,-7.63002449507,26.5003428935,5.87092090767,0.509769967316,0.0,-6.34361472796,-6.32933982021,3.92442836091,-0.139198634943,0.302060213823,0.0,473.4098250968439,472.91302515192234,472.4215142511264,472.53803510930953
4.6199999999999894,-6.9314399308,-8.01656104577,26.7317462214,5.86233773125,0.528025120049,0.0,-6.63951356974,-6.55525494832,3.78665673359,-0.152148917191,0.308301679822,0.0,469.9349376077634,470.5073479882173,470.5993631753199,469.57751661576924
4.679999999999988,-7.33667227479,-8.41517057304,26.951082843,5.85342247929,0.546478701115,0.0,-6.86911243373,-6.73207948689,3.52320438264,-0.142283893138,0.3060369611,0.0,425.78155298760896,425.6887555768627,426.34424825986434,427.16482545436344
4.739999999999987,-7.75874258579,-8.82642676326,27.1586124724,5.84555613153,0.564991379872,0.0,-7.20042654254,-6.97632534046,3.39164549172,-0.11498134491,0.313128393702,0.0,483.0410868042918,483.6643631230746,481.53247827823367,483.5793344668649
4.799999999999986,-8.19827244775,-9.25062389067,27.3541064455,5.83967926991,0.58355633831,0.0,-7.45136681529,-7.16376919394,3.12327356525,-0.0763426969831,0.300732729174,0.0,435.1158261771649,434.17635347721586,434.2964498968903,437.51725933949893
4.859999999999984,-8.65385059498,-9.68664123239,27.5343195159,5.83527453461,0.601683281791,0.0,-7.73522684617,-7.37014909604,2.88194595322,-0.0681181469149,0.304740882954,0.0,450.61116358826087,451.0267088912594,451.07935755225776,451.7391815139462
4.919999999999983,-9.12251803014,-10.1324873112,27.6943622711,5.83128418477,0.620216381809,0.0,-7.88820077999,-7.49211289079,2.45266969241,-0.0634633443923,0.316081318281,0.0,369.3119414429768,370.54740205929227,369.1336800958815,369.5887012809206
4.979999999999982,-9.60535951298,-10.5886884209,27.8345560957,5.8273802455,0.639287494218,0.0,-8.20700982897,-7.7144380276,2.21812377524,-0.0684782268421,0.321168059913,0.0,461.17420887422753,461.6751336820316,461.2351504745555,460.8358094959101
5.0399999999999805,-10.1077267853,-11.0583768258,27.9605610286,5.82312429361,0.658696492543,0.0,-8.53894456111,-7.94164828879,1.9794990474,-0.0763553975568,0.327741480745,0.0,466.00198332441016,466.6173769247444,466.6098503658368,465.9906347118312
